LR: 0.00015 Scale: 0.42
0.5328661203384399
0.6925103664398193
0.6969958543777466
2.6342222625430622e-08
0.6203827261924744
0.7055454850196838
0.6871829032897949
0.7076613903045654
0.7101237177848816
0.6999033689498901
LR: 0.0003 Scale: 0.42
0.5149078965187073
3.7212257719687614e-09
0.5762770771980286
0.647400975227356
0.668533444404602
0.48211535811424255
0.6727656722068787
0.669792890548706
0.6599106192588806
0.3272610306739807
LR: 0.0001 Scale: 0.42
0.543988823890686
0.6076177954673767
0.4291623532772064
0.47379541397094727
0.5646342635154724
0.597223162651062
0.5686771869659424
0.6129987239837646
0.5954622030258179
0.6290056705474854